-3.62029 1.77177 0.000140273
-5.34822 2.39196 0.000118743
-5.2617 2.29855 2.29936e-05
-9.08259 3.16169 9.24526e-05
-5.22937 2.19353 0.000123081
-5.46655 2.30558 5.49346e-05
-6.96918 2.75062 4.01897e-05
-8.4208 2.94958 2.54132e-05
-6.21547 2.46395 0.000137521
-5.68403 2.37038 7.80357e-05
-5.92322 2.45156 5.61614e-05
-6.5054 2.4039 2.626e-05
-6.05896 2.40522 0.000125538
-5.61305 2.32777 6.52308e-05
-6.62381 2.62436 5.37726e-05
-7.40062 2.68258 3.2153e-05
-6.0452 2.41251 0.000131381
-5.58559 2.32294 6.84004e-05
-6.50482 2.60196 5.48101e-05
-7.05973 2.58513 2.988e-05
-6.05829 2.41285 0.000129309
-5.59976 2.32521 6.7609e-05
-6.54245 2.60994 5.47961e-05
-7.12906 2.60536 3.04006e-05
-6.0509 2.41161 0.000129814
-5.5936 2.32385 6.76685e-05
-6.5366 2.60886 5.47019e-05
-7.12262 2.60366 3.02914e-05
-6.05578 2.41281 0.000129678
-5.59648 2.32455 6.77357e-05
-6.53646 2.60874 5.48168e-05
-7.11586 2.60186 3.03108e-05
-6.05392 2.41233 0.00012971
-5.59522 2.3242 6.76915e-05
-6.53727 2.60901 5.47617e-05
-7.11947 2.60288 3.02995e-05
-6.05488 2.41259 0.000129697
-5.59596 2.32442 6.77175e-05
-6.53666 2.60881 5.47928e-05
-7.11729 2.60229 3.03e-05
-6.05431 2.41243 0.000129701
-5.59572 2.32435 6.77034e-05
-6.53696 2.60891 5.47746e-05
-7.11829 2.60255 3.03013e-05
-6.05441 2.41245 0.000129698
-5.59576 2.32435 6.77093e-05
-6.53698 2.60892 5.47839e-05
-7.11743 2.60229 3.02977e-05
-6.05431 2.41242 0.000129696
-5.59565 2.3243 6.77066e-05
