loop, time[s]
0,21.6895
1,26.1259
2,23.3376
3,25.2191
4,24.2249
5,22.0047
6,21.891
7,22.104
8,22.1023
9,22.1832
10,22.226
11,22.1513
12,21.6896
13,21.7106
14,22.0642
15,21.8161
16,21.95
17,21.8406
18,22.684
19,22.0722
20,22.0571
21,21.8342
22,22.1548
23,21.8705
24,21.9463
25,21.8378
26,21.9777
27,21.9592
28,24.9164
29,23.0256
30,24.1794
31,25.0338
32,26.9707
33,25.7644
34,23.6244
35,22.9107
36,23.8812
37,23.662
38,24.4842
39,22.9756
40,23.7806
41,22.1182
42,22.3116
43,23.8599
44,22.2387
45,22.2525
46,22.2983
47,22.6896
48,22.1872
49,22.2002
