-3.18054 1.70778 0.000158199
-6.35418 2.99275 0.000108366
-5.68928 2.64012 4.5533e-05
-10.4205 3.48098 2.76691e-05
-14.4844 4.68541 1.98949e-05
-13.654 4.38767 3.03569e-05
-12.5383 4.21615 2.98557e-05
-11.7884 4.04103 2.81175e-05
-11.3993 3.91498 2.88472e-05
-11.1925 3.84844 2.70686e-05
-11.2166 3.81926 2.73077e-05
-11.263 3.8248 2.73621e-05
-11.2968 3.83764 2.71732e-05
-11.3421 3.85415 2.65908e-05
-11.3842 3.85903 2.63822e-05
-11.4234 3.86265 2.65323e-05
-11.4708 3.87794 2.65467e-05
-11.5086 3.89317 2.63675e-05
-11.52 3.89625 2.63354e-05
-11.5134 3.89292 2.64028e-05
-11.5015 3.88877 2.64813e-05
-11.4922 3.88617 2.65362e-05
-11.4864 3.88523 2.65676e-05
-11.4817 3.88478 2.65598e-05
-11.4779 3.88379 2.65424e-05
-11.4766 3.88301 2.6556e-05
-11.4759 3.88298 2.65577e-05
-11.4753 3.88303 2.65298e-05
-11.4768 3.88304 2.65235e-05
-11.4789 3.88359 2.65238e-05
-11.4792 3.88382 2.64988e-05
-11.4812 3.88399 2.64819e-05
-11.4828 3.88402 2.64888e-05
-11.4837 3.88431 2.64825e-05
-11.4847 3.88459 2.64664e-05
-11.484 3.88406 2.64646e-05
-11.4837 3.8838 2.64712e-05
-11.4812 3.88302 2.64858e-05
-11.4785 3.88235 2.64931e-05
-11.4754 3.88169 2.65096e-05
-11.4724 3.88123 2.65126e-05
-11.4684 3.8803 2.65233e-05
-11.4657 3.87984 2.65278e-05
-11.4628 3.87936 2.65338e-05
-11.4615 3.87922 2.65263e-05
-11.4601 3.87882 2.65299e-05
-11.4595 3.87864 2.65283e-05
-11.4604 3.87885 2.65308e-05
-11.4618 3.87933 2.65267e-05
-11.4637 3.87992 2.65158e-05
