-3.2101 1.72299 0.000185226
-6.24762 2.99608 7.98663e-05
-5.95834 2.58572 3.1732e-05
-6.50679 2.53254 0.000107876
-5.04054 2.32615 4.24985e-05
-5.37252 2.32454 3.9622e-05
-6.83453 2.5266 3.792e-05
-7.51122 2.79371 5.87573e-05
-5.59993 2.39282 7.36888e-05
-5.13679 2.14327 0.00010593
-4.83661 2.08587 0.000101272
-4.4261 1.8943 7.79589e-05
-6.15234 2.49792 8.78757e-05
-5.33728 2.27422 4.64712e-05
-6.29294 2.22442 3.71126e-05
-3.97509 1.76153 0.000150669
-3.6247 1.80207 0.000215352
-4.22173 2.04999 0.000177736
-4.3653 2.0145 7.75713e-05
-6.24603 2.23748 5.63433e-05
-7.43875 2.73163 2.63797e-05
-5.81002 2.19796 7.95239e-05
-5.8648 2.33978 0.0001227
-5.74568 2.33549 6.43439e-05
-4.01082 1.79988 0.00012882
-3.85178 1.81306 0.000148103
-4.98368 2.25069 0.000149592
-5.75358 2.53747 5.58583e-05
-6.24145 2.25004 3.49062e-05
-5.75495 2.22148 7.03772e-05
-4.13122 1.84083 0.000128303
-4.07227 1.87306 0.000151058
-5.06384 2.27612 0.000138903
-5.50315 2.61116 8.65862e-05
-4.31644 1.85137 6.42736e-05
-5.31916 2.22729 0.000140776
-4.10184 1.86399 9.12882e-05
-6.54204 2.64348 6.77838e-05
-7.95087 3.11675 3.40294e-05
-8.69301 3.09761 2.69525e-05
-4.52984 2.02379 0.000148822
-4.03048 1.83683 9.94453e-05
-5.49513 2.36687 9.92582e-05
-6.82931 2.88871 4.21892e-05
-4.86905 2.01462 5.16904e-05
-3.90449 1.6801 9.32756e-05
-5.72323 2.31176 7.12883e-05
-6.06252 2.49303 9.44138e-05
-4.44803 1.99735 0.000112686
-3.55368 1.7318 0.000226949
