loop, time[s]
0,21.5915
1,28.1538
2,26.2794
3,25.7568
4,24.6195
5,22.7517
6,22.9684
7,23.7795
8,23.977
9,23.5831
10,23.7337
11,23.6419
12,23.6973
13,24.0486
14,22.6275
15,23.3947
16,23.408
17,23.0891
18,23.2339
19,22.8383
20,24.5714
21,24.2114
22,24.3521
23,22.2164
24,22.6257
25,22.2161
26,21.898
27,22.7686
28,23.0417
29,23.1991
30,21.8485
31,22.1858
32,22.0121
33,21.5835
34,22.2241
35,23.0315
36,22.2696
37,21.669
38,22.1054
39,23.4897
40,23.362
41,21.5849
42,21.2368
43,21.0466
44,21.1336
45,21.4057
46,21.1934
47,21.3651
48,22.5674
49,21.8863
