loop, time[s]
0,18.0678
1,28.6187
2,72.5365
3,23.6616
4,21.6641
5,21.7835
6,20.9108
7,20.4162
8,69.4059
9,23.3895
10,20.7239
11,23.4432
12,21.7348
13,20.8757
14,69.9551
15,23.8065
16,20.9668
17,21.9466
18,20.5365
19,22.501
20,69.0252
21,23.7321
22,23.2174
23,22.5897
24,23.325
25,22.3657
26,73.3635
27,23.7923
28,22.0543
29,22.7411
30,22.4161
31,22.4262
32,72.5287
33,23.6313
34,21.5776
35,20.834
36,22.0537
37,21.653
38,71.7065
39,24.6593
40,22.073
41,20.9585
42,21.0838
43,21.1383
44,72.5665
45,24.1203
46,20.8662
47,21.1276
48,21.4657
49,21.5452
