loop, time[s]
0,25.0642
1,26.6542
2,23.6937
3,25.2573
4,24.8569
5,22.0514
6,23.0767
7,23.0143
8,23.1334
9,23.7105
10,22.5791
11,23.7738
12,23.2108
13,23.4574
14,23.6294
15,22.725
16,23.8606
17,22.2916
18,23.0418
19,21.8868
20,21.8988
21,23.2523
22,23.876
23,26.0145
24,24.2919
25,24.6183
26,23.9282
27,23.5512
28,22.3425
29,22.5886
30,24.2195
31,23.9099
32,24.5071
33,23.3097
34,23.2019
35,23.4216
36,23.12
37,22.0629
38,23.0072
39,21.5589
40,21.775
41,21.9121
42,22.6545
43,22.4392
44,22.5372
45,22.2948
46,22.134
47,22.0022
48,22.236
49,22.1852
