loop, time[s]
0,23.7181
1,32.5619
2,60.0627
3,29.7087
4,28.1964
5,27.1607
6,26.5025
7,26.4403
8,29.0697
9,26.6607
10,26.1538
11,26.7303
12,26.4561
13,47.7703
14,26.7504
15,27.7868
16,27.2266
17,26.7826
18,25.8132
19,38.2205
20,26.8135
21,27.3082
22,26.1148
23,26.3084
24,28.0074
25,36.2171
26,29.0076
27,26.9052
28,28.6276
29,24.605
30,24.3915
31,25.8349
32,26.8886
33,26.209
34,43.9769
35,25.9066
36,26.877
37,26.827
38,26.0693
39,25.7822
40,45.1611
41,25.9385
42,26.5747
43,26.7691
44,26.4427
45,25.9148
46,42.2129
47,25.9158
48,26.5308
49,26.0498
